feature_names:
["1", "x0", "x1", "x2", "x3", "x4", "x5"]

constant vector c:
[0. 0. 0. 0. 0. 0.]

coefficient matrix A:
[[ 303.61393883 -506.2563832   368.09111186 -279.3162926   148.17758843
   -40.9387277 ]
 [ 125.01359064    0.         -125.01538558    0.            0.
     0.        ]
 [   0.          125.02817559    0.         -125.02050629    0.
     0.        ]
 [   0.            0.          125.0221144     0.         -125.02490352
     0.        ]
 [   0.            0.            0.          125.01035411    0.
  -125.01647057]
 [  40.97908397 -148.29978149  279.52189548 -368.33558148  506.47765493
  -303.71024765]]

first held-out initial condition:
[2.26166336 1.75491225 1.30827946 1.41139302 1.47284743 0.97415956]
